# oST version 5.0 parameters


[image]

width
1920

height
1080

[narrow_stereo]

camera matrix
1145.642221 0.000000 891.861159
0.000000 1144.224663 607.321342
0.000000 0.000000 1.000000

distortion
-0.255667 0.061058 -0.000212 -0.000601 0.000000

rectification
1.000000 0.000000 0.000000
0.000000 1.000000 0.000000
0.000000 0.000000 1.000000

projection
901.320679 0.000000 854.953949 0.000000
0.000000 1068.651123 615.690733 0.000000
0.000000 0.000000 1.000000 0.000000
